joint_state_available=true
joint_1: -0.005178394
joint_2: -0.798245685
joint_3: 1.195939752
joint_4: 0.009876466
joint_5: 0.834475324
joint_6: 0.060623216
