joint_state_available=true
joint_1: 0.007545535
joint_2: -0.790290618
joint_3: 1.210547419
joint_4: 0.009827710
joint_5: 0.833056085
joint_6: 0.045225924
