joint_state_available=true
joint_1: 0.011004927
joint_2: -0.808149703
joint_3: 1.207434580
joint_4: -0.001414661
joint_5: 0.820417682
joint_6: 0.031584371
