joint_state_available=true
joint_1: 0.007545530
joint_2: -0.790290592
joint_3: 1.210547424
joint_4: 0.009827726
joint_5: 0.833056103
joint_6: 0.088733650
