joint_state_available=true
joint_1: -0.010197897
joint_2: -0.810956638
joint_3: 1.199604635
joint_4: 0.006845104
joint_5: 0.793478770
joint_6: 0.023588876
