joint_state_available=true
joint_1: 0.005945545
joint_2: -0.797342466
joint_3: 1.197550263
joint_4: 0.000495986
joint_5: 0.801550707
joint_6: 0.029051788
