joint_state_available=true
joint_1: 0.000451102
joint_2: -0.800266569
joint_3: 1.196298190
joint_4: 0.008738454
joint_5: 0.799144512
joint_6: 0.012016756
