joint_state_available=true
joint_1: -0.009135372
joint_2: -0.798364156
joint_3: 1.199311198
joint_4: -0.000651847
joint_5: 0.823169993
joint_6: 0.026344953
