joint_state_available=true
joint_1: 0.009301439
joint_2: -0.808405686
joint_3: 1.193751228
joint_4: -0.004915954
joint_5: 0.834806591
joint_6: 0.053948402
