joint_state_available=true
joint_1: -0.000000000
joint_2: -0.800000000
joint_3: 1.200000000
joint_4: 0.000000000
joint_5: 0.800000000
joint_6: 0.033775524
