joint_state_available=true
joint_1: 0.011853504
joint_2: -0.809334284
joint_3: 1.208411759
joint_4: 0.008995280
joint_5: 0.814696239
joint_6: 0.036573621
