joint_state_available=true
joint_1: 0.011921632
joint_2: -0.809395396
joint_3: 1.208415077
joint_4: 0.009027916
joint_5: 0.858312622
joint_6: 0.080188502
