joint_state_available=true
joint_1: -0.001409536
joint_2: -0.789257675
joint_3: 1.209198285
joint_4: -0.002307829
joint_5: 0.790166886
joint_6: 0.010353770
