joint_state_available=true
joint_1: -0.005223475
joint_2: -0.794016178
joint_3: 1.207578882
joint_4: 0.000814304
joint_5: 0.790877454
joint_6: 0.013127469
