joint_state_available=true
joint_1: 0.010482729
joint_2: -0.800859799
joint_3: 1.200394634
joint_4: -0.003029614
joint_5: 0.807904033
joint_6: 0.035847455
