joint_state_available=true
joint_1: -0.008906709
joint_2: -0.808800639
joint_3: 1.211292488
joint_4: 0.008270399
joint_5: 0.809830623
joint_6: 0.012431834
