joint_state_available=true
joint_1: -0.007263639
joint_2: -0.805496360
joint_3: 1.189938499
joint_4: 0.010350730
joint_5: 0.806328085
joint_6: 0.019074019
