joint_state_available=true
joint_1: 0.004796945
joint_2: -0.811634886
joint_3: 1.192881716
joint_4: -0.002659266
joint_5: 0.802186938
joint_6: 0.022714741
